>TGAGATGAGATG	3-CATCTCATCTCA	9.632289	-6.686493	0	T:3.0(3.00%),B:50.2(0.20%),P:1e-2
0.144	0.126	0.158	0.572
0.062	0.116	0.754	0.068
0.691	0.137	0.072	0.100
0.132	0.054	0.773	0.041
0.562	0.141	0.093	0.204
0.124	0.054	0.205	0.617
0.065	0.084	0.728	0.123
0.628	0.140	0.134	0.098
0.149	0.083	0.704	0.064
0.494	0.193	0.178	0.134
0.093	0.099	0.102	0.706
0.059	0.061	0.775	0.105
