>CATCTCATCTCA	3-CATCTCATCTCA,BestGuess:TOD6?/SacCer-Promoters/Homer(0.833)	9.632289	-6.686493	0	T:3.0(3.00%),B:50.2(0.20%),P:1e-2
0.105	0.775	0.061	0.059
0.706	0.102	0.099	0.093
0.134	0.178	0.193	0.494
0.064	0.704	0.083	0.149
0.098	0.134	0.140	0.628
0.123	0.728	0.084	0.065
0.617	0.205	0.054	0.124
0.204	0.093	0.141	0.562
0.041	0.773	0.054	0.132
0.100	0.072	0.137	0.691
0.068	0.754	0.116	0.062
0.572	0.158	0.126	0.144
