>HGBWTCAGTTTC	2-GAAACTGAWVCD	5.126740	-33.482158	0	T:127.0(76.05%),B:13074.2(45.99%),P:1e-14
0.347	0.244	0.146	0.263
0.118	0.060	0.821	0.001
0.035	0.256	0.383	0.326
0.377	0.054	0.081	0.488
0.121	0.002	0.252	0.625
0.001	0.771	0.058	0.170
0.586	0.058	0.315	0.041
0.028	0.060	0.852	0.060
0.001	0.082	0.364	0.553
0.089	0.117	0.061	0.733
0.061	0.041	0.228	0.670
0.185	0.509	0.172	0.134
