>GAAACTGAWVCD	2-GAAACTGAWVCD,BestGuess:IRF5/MA1420.1/Jaspar(0.794)	5.126740	-33.482158	0	T:127.0(76.05%),B:13074.2(45.99%),P:1e-14
0.134	0.172	0.509	0.185
0.670	0.228	0.041	0.061
0.733	0.061	0.117	0.089
0.553	0.364	0.082	0.001
0.060	0.852	0.060	0.028
0.041	0.315	0.058	0.586
0.170	0.058	0.771	0.001
0.625	0.252	0.002	0.121
0.488	0.081	0.054	0.377
0.326	0.383	0.256	0.035
0.001	0.821	0.060	0.118
0.263	0.146	0.244	0.347
