>GCATAATAATGA	2-GCATAATAATGA,BestGuess:QKR58E-1(KH)/Drosophila_melanogaster-RNCMPT00142-PBM/HughesRNA(0.719)	6.178103	-37.571523	0	T:97.0(50.79%),B:6101.9(22.81%),P:1e-16
0.039	0.087	0.830	0.044
0.170	0.752	0.044	0.034
0.926	0.001	0.072	0.001
0.195	0.044	0.116	0.645
0.852	0.070	0.034	0.044
0.922	0.001	0.043	0.034
0.128	0.172	0.175	0.525
0.654	0.044	0.165	0.137
0.774	0.087	0.044	0.095
0.044	0.127	0.044	0.785
0.040	0.080	0.789	0.091
0.557	0.201	0.121	0.121
