>NAGATTACGTAA	1-NAGATTACGTAA	5.045706	-59.316663	0	T:129.0(67.54%),B:8013.9(29.95%),P:1e-25
0.219	0.327	0.236	0.218
0.643	0.115	0.094	0.148
0.206	0.118	0.540	0.136
0.620	0.110	0.116	0.154
0.112	0.088	0.137	0.663
0.076	0.058	0.117	0.749
0.621	0.121	0.161	0.097
0.119	0.670	0.114	0.097
0.210	0.030	0.656	0.104
0.120	0.166	0.102	0.612
0.675	0.109	0.098	0.118
0.399	0.181	0.195	0.225
