>TTCTTTTTTTTT	2-TTCTTTTTTTTT,BestGuess:AZF1/MA0277.1/Jaspar(0.790)	5.274975	-92.515761	0	T:557.0(85.56%),B:17352.8(61.53%),P:1e-40
0.077	0.118	0.092	0.713
0.050	0.123	0.166	0.661
0.100	0.743	0.141	0.016
0.136	0.138	0.108	0.618
0.078	0.142	0.132	0.648
0.068	0.074	0.130	0.728
0.114	0.106	0.151	0.629
0.083	0.129	0.136	0.652
0.119	0.176	0.115	0.590
0.084	0.124	0.162	0.630
0.079	0.085	0.123	0.713
0.073	0.082	0.170	0.675
