>AGCAACAGCARC	1-AGCAACAGCARC,BestGuess:SeqBias: GCW-triplet(0.764)	4.670851	-96.804217	0	T:600.0(92.17%),B:19768.1(70.10%),P:1e-42
0.668	0.001	0.091	0.240
0.088	0.068	0.843	0.001
0.206	0.695	0.033	0.066
0.820	0.105	0.066	0.009
0.615	0.065	0.319	0.001
0.184	0.543	0.033	0.240
0.623	0.066	0.051	0.260
0.236	0.001	0.762	0.001
0.047	0.716	0.004	0.233
0.645	0.066	0.108	0.181
0.397	0.135	0.467	0.001
0.293	0.619	0.066	0.022
