>GGGGGGGGGGGG	6-GGGGGGGGGGGG	4.347607	-76.884185	0	T:411.0(63.13%),B:11059.4(39.22%),P:1e-33
0.082	0.001	0.846	0.071
0.066	0.001	0.923	0.010
0.054	0.001	0.912	0.033
0.070	0.018	0.899	0.013
0.054	0.030	0.837	0.079
0.042	0.065	0.782	0.111
0.060	0.092	0.777	0.071
0.057	0.001	0.882	0.060
0.050	0.044	0.870	0.036
0.083	0.032	0.845	0.040
0.048	0.044	0.732	0.176
0.109	0.049	0.720	0.122
