>NTTTTTTTTTTK	3-NTTTTTTTTTTK	4.263118	-90.512243	0	T:610.0(93.70%),B:20714.7(73.46%),P:1e-39
0.235	0.233	0.274	0.258
0.113	0.138	0.066	0.683
0.063	0.088	0.203	0.646
0.131	0.197	0.154	0.518
0.197	0.066	0.050	0.687
0.128	0.122	0.135	0.615
0.110	0.097	0.111	0.682
0.076	0.154	0.176	0.594
0.088	0.093	0.066	0.753
0.061	0.153	0.159	0.627
0.044	0.176	0.179	0.601
0.197	0.203	0.232	0.368
