>TTTTTTTTTTTT	9-TTTTTTTTTTTT	4.698404	-72.761437	0	T:468.0(71.89%),B:13768.7(48.82%),P:1e-31
0.049	0.079	0.114	0.758
0.099	0.021	0.048	0.832
0.053	0.061	0.024	0.862
0.023	0.075	0.081	0.821
0.010	0.056	0.001	0.933
0.030	0.026	0.051	0.893
0.001	0.080	0.073	0.846
0.023	0.064	0.032	0.881
0.001	0.067	0.064	0.868
0.042	0.106	0.065	0.787
0.048	0.047	0.095	0.810
0.045	0.116	0.105	0.734
